7.998011269472986573e-01 1.000000000000000000e+00 4.010292152199997417e+01 3.977567700002282436e-02
8.276433543254888558e-01 1.000000000000000000e+00 4.009192415899997286e+01 3.924409800004013960e-02
8.200198873052700899e-01 1.000000000000000000e+00 4.014619113799994921e+01 4.361079700004211190e-02
8.409015578389128498e-01 1.000000000000000000e+00 4.019518813499996668e+01 4.416947700008222455e-02
8.362611866092144464e-01 1.000000000000000000e+00 4.010035043000004862e+01 3.934048199994322204e-02
8.379184620483924872e-01 1.000000000000000000e+00 4.026626720299998397e+01 3.964603199995053728e-02
8.412330129267484580e-01 1.000000000000000000e+00 4.023089838600003532e+01 4.326217499999529537e-02
8.316208153795160429e-01 1.000000000000000000e+00 4.022282717799998863e+01 3.970705400001861562e-02
8.369240967848856627e-01 1.000000000000000000e+00 4.031436104599993087e+01 4.322347699996953452e-02
8.034471329134902362e-01 1.000000000000000000e+00 3.983873380199997882e+01 3.761264499996741506e-02
