7.931720251905867158e-01 1.000000000000000000e+00 3.990018577400002187e+01 3.877096700000493001e-02
8.084189592310242478e-01 1.000000000000000000e+00 3.987025844999999435e+01 3.961240899997164888e-02
8.266489890619821423e-01 1.000000000000000000e+00 3.986646806999993942e+01 4.334832400002142094e-02
8.382499171362280954e-01 1.000000000000000000e+00 3.996194432600009350e+01 3.959003699992535985e-02
8.409015578389128498e-01 1.000000000000000000e+00 3.991165044499996384e+01 4.327339600001778308e-02
8.389128273118992007e-01 1.000000000000000000e+00 3.982319368200001009e+01 3.927299099996162113e-02
8.372555518727212709e-01 1.000000000000000000e+00 3.989982174800002213e+01 4.288358299993433320e-02
8.312893602916804348e-01 1.000000000000000000e+00 3.992687609799997972e+01 3.934434699999656004e-02
8.329466357308584756e-01 1.000000000000000000e+00 3.988492923000001156e+01 4.283603500005028764e-02
8.123964202850513239e-01 1.000000000000000000e+00 3.984527015000003303e+01 3.869025599999531551e-02
