7.537288697381504532e-01 5.108107391448458712e-01 3.722837838499999918e+01 4.174090600000113227e-02
7.669870732515744471e-01 4.977978123964202917e-01 3.722992774200000099e+01 3.975044000000593769e-02
8.153795160755717975e-01 4.831634073583029321e-01 3.718616622300001495e+01 3.467318699998145348e-02
8.286377195889956804e-01 5.026582698044415043e-01 3.741687189199998897e+01 3.905980799999042574e-02
8.332780908186940838e-01 5.022684786211467634e-01 3.726194197699999222e+01 3.486385100001143655e-02
8.355982764335432300e-01 4.824262512429565719e-01 3.728858683199999291e+01 3.936356700000942510e-02
8.385813722240635926e-01 4.980298309579051508e-01 3.721202176299999564e+01 3.547800199999073811e-02
8.442161087172688205e-01 4.994623798475306686e-01 3.717179633299997477e+01 3.924411500003088804e-02
8.425588332780907797e-01 5.126794829300629353e-01 3.722371899199998779e+01 3.497715800000378294e-02
8.107391448458733940e-01 5.050029830957905030e-01 3.719926283200004491e+01 3.544540899997628003e-02
