7.553861451773284941e-01 5.033921113689094895e-01 3.813784827799999277e+01 4.213202900000112550e-02
7.540603248259860614e-01 5.067835598276433373e-01 3.811191185700000261e+01 3.997014600000170503e-02
8.160424262512429028e-01 5.154716605899900550e-01 3.803041588899999681e+01 3.501343700000347781e-02
8.183626118660921600e-01 5.009333775273450140e-01 3.831111780499998076e+01 3.990035000001057597e-02
8.269804441498177505e-01 4.873834935366258003e-01 3.818082506400000398e+01 3.955693599999676735e-02
8.312893602916804348e-01 5.004037122969837714e-01 3.815608140300000173e+01 3.534020199998622047e-02
8.352668213457076218e-01 4.731282731189923596e-01 3.807233151799999860e+01 3.577236400002448136e-02
8.471992045077891831e-01 4.973828306264501120e-01 3.816755248300000858e+01 3.960082800000463976e-02
8.362611866092144464e-01 5.032920119323831543e-01 3.812763997100000779e+01 3.577395700000352008e-02
8.339410009943653002e-01 5.053152137885316142e-01 3.813476326199997857e+01 3.951534200001560748e-02
