7.931720251905867158e-01 1.000000000000000000e+00 3.924002782700000580e+01 4.284609199999067641e-02
8.253231687106397096e-01 1.000000000000000000e+00 3.926806258799996385e+01 3.950863500000423301e-02
8.336095459065296920e-01 1.000000000000000000e+00 3.920449125300001469e+01 4.310797799996635149e-02
8.329466357308584756e-01 1.000000000000000000e+00 3.932078826700001173e+01 3.956078600003820611e-02
8.395757374875704171e-01 1.000000000000000000e+00 3.921331568400000833e+01 4.316429599998627964e-02
8.525024859131588029e-01 1.000000000000000000e+00 3.922526670500008095e+01 3.912932799994450761e-02
8.332780908186940838e-01 1.000000000000000000e+00 3.924294358999998167e+01 4.267287799996211106e-02
8.160424262512429028e-01 1.000000000000000000e+00 3.927944282900000417e+01 3.918358299995361449e-02
8.369240967848856627e-01 1.000000000000000000e+00 3.929424075199995059e+01 3.824847400005637610e-02
8.100762346702021777e-01 1.000000000000000000e+00 3.930132732900005976e+01 4.247228799999902549e-02
