8.021213125621478035e-01 1.000000000000000000e+00 3.948007281899998588e+01 4.254898400000683978e-02
8.246602585349684933e-01 1.000000000000000000e+00 3.948035962099999097e+01 3.927696499999910884e-02
8.306264501160093294e-01 1.000000000000000000e+00 3.945800131499998997e+01 4.138975299997582624e-02
8.395757374875704171e-01 1.000000000000000000e+00 3.952731278900000689e+01 3.937545400003727991e-02
8.372555518727212709e-01 1.000000000000000000e+00 3.943665597899996555e+01 4.300999100007629750e-02
8.306264501160093294e-01 1.000000000000000000e+00 3.948820985699990160e+01 3.933860700010427536e-02
8.481935697712960076e-01 1.000000000000000000e+00 3.949673449099998379e+01 4.269253600000411097e-02
8.468677494199535749e-01 1.000000000000000000e+00 3.948907063600006495e+01 3.915121899990481324e-02
8.349353662578720137e-01 1.000000000000000000e+00 3.955915962799997487e+01 4.259641600003760686e-02
6.983758700696055532e-01 1.000000000000000000e+00 3.943374353000001520e+01 3.827308400002493727e-02
