7.470997679814385117e-01 4.767543917799137998e-01 3.732371497700000162e+01 4.146792000000232292e-02
7.580377858800132485e-01 5.173457076566124746e-01 3.729738325800000354e+01 3.944241499999634470e-02
8.167053364269141191e-01 5.164885647994696960e-01 3.733550342700000613e+01 3.457383999997887258e-02
8.256546237984753178e-01 4.967815710971163479e-01 3.749799347199999033e+01 3.914228499999694577e-02
8.210142525687769144e-01 4.949572422936692195e-01 3.737380615500001113e+01 3.484118299999749979e-02
8.372555518727212709e-01 5.186529665230361630e-01 3.732720312899999726e+01 3.926663900000448848e-02
8.452104739807756451e-01 4.794060324825986097e-01 3.734645597200000111e+01 3.537817199998016804e-02
8.365926416970500545e-01 4.865899900563473435e-01 3.740048193199999105e+01 3.904475799998863295e-02
8.425588332780907797e-01 5.060411004308915661e-01 3.735345659700004717e+01 3.558659999998781132e-02
8.405701027510772416e-01 4.883619489559165028e-01 3.725710677900002565e+01 3.487445700000080251e-02
