8.044414981769970607e-01 1.000000000000000000e+00 3.949333292999995138e+01 4.251282100000253195e-02
8.239973483592972769e-01 1.000000000000000000e+00 3.944111979199999496e+01 3.932947199996306153e-02
8.226715280079549553e-01 1.000000000000000000e+00 3.945527615200006721e+01 4.322282499992979865e-02
8.246602585349684933e-01 1.000000000000000000e+00 3.943589618299995436e+01 3.946694700005082268e-02
8.495193901226383293e-01 1.000000000000000000e+00 3.941681748799999241e+01 4.307149699991441594e-02
8.548226715280079491e-01 1.000000000000000000e+00 3.943765354899994691e+01 3.953040600003987493e-02
8.286377195889956804e-01 1.000000000000000000e+00 3.953345216100001380e+01 4.288491900001645263e-02
8.491879350348028321e-01 1.000000000000000000e+00 3.953419777100009469e+01 3.936156899999332381e-02
7.610208816705336110e-01 1.000000000000000000e+00 3.951772183099990343e+01 4.265616600002886116e-02
7.215777262180974594e-01 1.000000000000000000e+00 3.942319997200002035e+01 3.833205899991298793e-02
