7.613523367583692192e-01 4.955989393437189583e-01 3.719737342399999847e+01 4.163344500000221160e-02
7.431223069274113247e-01 4.619628770301624221e-01 3.722806879899999899e+01 3.953723799999409039e-02
8.147166058999005811e-01 4.989148160424262679e-01 3.722070625300000302e+01 3.465448899999046262e-02
8.253231687106397096e-01 5.155836924096784957e-01 3.740877391899999793e+01 3.902019999998174171e-02
8.243288034471328851e-01 4.973337752734504624e-01 3.729003855300001646e+01 3.941079099999456048e-02
8.246602585349684933e-01 4.933331123632747617e-01 3.730254108200000474e+01 3.490150199999675351e-02
8.521710308253231947e-01 4.879151474975141345e-01 3.726927307900001551e+01 3.532666999996081358e-02
8.485250248591316158e-01 4.996102088167053146e-01 3.735390975799998614e+01 3.913113999999495718e-02
8.389128273118992007e-01 5.203897911832946477e-01 3.732179613300002075e+01 3.552998099996784731e-02
7.971494862446139029e-01 4.946569439840901583e-01 3.731956509200000482e+01 3.473145600003135769e-02
