7.577063307921776403e-01 5.086980444149817870e-01 3.704873535900000547e+01 4.174743000000091797e-02
7.686443486907523770e-01 4.904580709313888232e-01 3.707063487499999610e+01 3.943825400000378067e-02
8.044414981769970607e-01 5.015392774279084920e-01 3.708077842900000576e+01 3.458590399998229259e-02
8.127278753728869320e-01 5.188783559827643277e-01 3.727094327399998974e+01 3.894701900000541173e-02
8.326151806430228675e-01 4.978813390785548632e-01 3.710827209699999685e+01 3.928527700000472578e-02
8.312893602916804348e-01 5.159946967185945477e-01 3.705612837900000045e+01 3.475663399999007197e-02
8.375870069605568791e-01 4.976440172356645930e-01 3.699452746200000774e+01 3.522738999998864529e-02
8.336095459065296920e-01 4.945926416970500283e-01 3.709750172500002918e+01 3.904959300001564770e-02
8.312893602916804348e-01 5.188352668213457308e-01 3.717110262200003490e+01 3.551036999999723776e-02
8.299635399403381131e-01 5.110275107722903609e-01 3.705541458999999804e+01 3.461018499996271203e-02
