7.616837918462048274e-01 4.949758037785879639e-01 3.785992149000000495e+01 4.184123699999986457e-02
7.567119655286708158e-01 4.632701358965859995e-01 3.783399985500000184e+01 3.972868600000367678e-02
8.107391448458733940e-01 5.161663904540935155e-01 3.784008626799999320e+01 3.484797600000888451e-02
8.336095459065296920e-01 4.829877361617501141e-01 3.800117756800000279e+01 3.958731500000567394e-02
8.395757374875704171e-01 5.010195558501823188e-01 3.781500725699999066e+01 3.447247799999786366e-02
8.342724560822009083e-01 4.778104076897580765e-01 3.781634858699999313e+01 3.933449199999472512e-02
8.329466357308584756e-01 4.887444481272787411e-01 3.780722999199997503e+01 3.545083800003112628e-02
8.395757374875704171e-01 4.974935366257872138e-01 3.785685394099999712e+01 3.927791199998864613e-02
8.505137553861451538e-01 4.877089824328803558e-01 3.774160067999997636e+01 3.541695299998082191e-02
8.432217434537619960e-01 4.913543254888962930e-01 3.789031151000000364e+01 3.912644100000761682e-02
