7.520715942989725233e-01 5.038601259529333909e-01 3.749577183399999569e+01 4.191567800000228772e-02
7.474312230692741199e-01 5.064507789194564458e-01 3.748588965700000841e+01 3.960734199999649263e-02
8.117335101093802185e-01 5.086602585349685457e-01 3.750549221199999295e+01 3.475491400001828879e-02
8.233344381836261716e-01 4.860265164070268762e-01 3.769819513699999902e+01 3.913539999999215979e-02
8.163738813390785110e-01 5.075180643022870752e-01 3.755184023800001114e+01 3.502675199999316646e-02
8.339410009943653002e-01 4.788902883659264531e-01 3.748988447100001054e+01 3.945962999998187115e-02
8.283062645011600722e-01 4.959741465031488050e-01 3.737834198100000549e+01 3.540870799997719587e-02
8.415644680145840661e-01 4.896088829963540223e-01 3.753718322299999954e+01 3.920807700001205376e-02
8.399071925754060253e-01 4.955810407689758001e-01 3.736100702999999612e+01 3.565187499998501153e-02
8.379184620483924872e-01 4.999118329466357147e-01 3.744094916100004866e+01 3.490570699995032555e-02
