8.070931388796818151e-01 1.000000000000000000e+00 3.934090205699999387e+01 4.252754200001618301e-02
8.249917136228041015e-01 1.000000000000000000e+00 3.940747208799996315e+01 3.923825800001168318e-02
8.246602585349684933e-01 1.000000000000000000e+00 3.929693767700001672e+01 4.314095999995970487e-02
8.372555518727212709e-01 1.000000000000000000e+00 3.938009267299992189e+01 3.953157600005852146e-02
8.405701027510772416e-01 1.000000000000000000e+00 3.930292447099998299e+01 4.305844100008471287e-02
8.239973483592972769e-01 1.000000000000000000e+00 3.940205524900000000e+01 3.938644699996984855e-02
8.332780908186940838e-01 1.000000000000000000e+00 3.948563918599995759e+01 4.265964900002927607e-02
8.505137553861451538e-01 1.000000000000000000e+00 3.931685331799997130e+01 3.913118499997381150e-02
5.333112363274776779e-01 1.000000000000000000e+00 3.937545051099993998e+01 4.294346799997583730e-02
8.355982764335432300e-01 1.000000000000000000e+00 3.933487649899996086e+01 3.824095300001317810e-02
