8.100762346702021777e-01 1.000000000000000000e+00 3.961493359799999325e+01 4.299447800002553777e-02
8.186940669539277682e-01 1.000000000000000000e+00 3.952388740899999675e+01 3.968163900003673916e-02
8.243288034471328851e-01 1.000000000000000000e+00 3.964878075900003296e+01 4.334433699989403976e-02
8.329466357308584756e-01 1.000000000000000000e+00 3.967208060999996633e+01 3.966278400002920534e-02
8.316208153795160429e-01 1.000000000000000000e+00 3.955794024299996181e+01 4.321586000003208028e-02
8.342724560822009083e-01 1.000000000000000000e+00 3.965461158900006922e+01 3.940472499994029931e-02
8.286377195889956804e-01 1.000000000000000000e+00 3.966951377099996989e+01 4.345815299996047543e-02
7.514086841233013070e-01 1.000000000000000000e+00 3.967841848199998367e+01 3.937558699999499368e-02
8.342724560822009083e-01 1.000000000000000000e+00 3.964428167400001257e+01 4.282755600002019492e-02
8.465362943321179667e-01 1.000000000000000000e+00 3.966863225700001294e+01 3.891828799999075272e-02
