7.958236658932714702e-01 1.000000000000000000e+00 4.004879549099996439e+01 3.830882900001597591e-02
8.243288034471328851e-01 1.000000000000000000e+00 4.001462590500000260e+01 3.948629000001346867e-02
8.293006297646668967e-01 1.000000000000000000e+00 3.996866408900007173e+01 4.338235399995937769e-02
8.210142525687769144e-01 1.000000000000000000e+00 3.992372828199995638e+01 3.973738599995613185e-02
8.336095459065296920e-01 1.000000000000000000e+00 3.989176100199995290e+01 4.326368099998489924e-02
8.432217434537619960e-01 1.000000000000000000e+00 4.003930068499994377e+01 3.944896100006189954e-02
8.332780908186940838e-01 1.000000000000000000e+00 3.992729001600002903e+01 4.279548099998464750e-02
7.964865760689426866e-01 1.000000000000000000e+00 3.993914315999995779e+01 3.955383899995013053e-02
8.057673185283393824e-01 1.000000000000000000e+00 3.997251282000001993e+01 4.291048599998248392e-02
7.494199535962876579e-01 1.000000000000000000e+00 3.990061433400001079e+01 3.893823900000370486e-02
