7.487570434206165526e-01 5.170288365926417606e-01 3.775783990899999765e+01 4.196433700000312683e-02
7.649983427245607981e-01 4.935936360623136010e-01 3.781908482199999355e+01 3.971485600000335126e-02
8.104076897580377858e-01 5.214928737156114824e-01 3.778161767100000645e+01 3.481648100000711565e-02
8.223400729201193471e-01 4.860265164070268762e-01 3.796726333500001260e+01 3.949800099999833947e-02
8.389128273118992007e-01 5.053390785548558251e-01 3.777794082399998388e+01 3.924446199999920282e-02
8.306264501160093294e-01 5.000981107059992992e-01 3.777933489099999065e+01 3.495967200001359743e-02
8.352668213457076218e-01 4.931528007954922299e-01 3.777393903600000158e+01 3.544191200001023390e-02
8.283062645011600722e-01 5.143148823334438013e-01 3.771350958199997194e+01 3.925340299997515103e-02
8.445475638051044287e-01 5.319648657606894648e-01 3.790639609499999096e+01 3.567271299999674739e-02
8.037785880013258444e-01 5.233914484587338656e-01 3.784908560100001296e+01 3.910202499997694758e-02
