7.653297978123964063e-01 5.025455750745774219e-01 3.734309623900000474e+01 4.170394700000201738e-02
7.593636062313556812e-01 5.420477295326483480e-01 3.738242241999999749e+01 3.946647300000449832e-02
8.037785880013258444e-01 4.952045077891945590e-01 3.739033127099999376e+01 3.461945899999818721e-02
8.143851508120649729e-01 4.968571428571428306e-01 3.753495022900000322e+01 3.891901200000802419e-02
8.365926416970500545e-01 5.201823002983095856e-01 3.745954457199999865e+01 3.937879900001917122e-02
8.372555518727212709e-01 4.985787205833609459e-01 3.736018478299999401e+01 3.477755700001239347e-02
8.471992045077891831e-01 4.882830626450116451e-01 3.733035715800002663e+01 3.534325599997600875e-02
8.316208153795160429e-01 4.880762346702022247e-01 3.735588043299998162e+01 3.903265399998190333e-02
8.432217434537619960e-01 4.795684454756380388e-01 3.747697330699998020e+01 3.542392999997900915e-02
8.230029830957905634e-01 4.895087835598276316e-01 3.737968703199999254e+01 3.485279500000615371e-02
