8.170367915147497273e-01 1.000000000000000000e+00 3.928101085499997680e+01 4.286809500001709239e-02
8.312893602916804348e-01 1.000000000000000000e+00 3.933920333100002154e+01 3.965249399999493107e-02
8.256546237984753178e-01 1.000000000000000000e+00 3.925425513700002966e+01 4.339883499994812155e-02
8.385813722240635926e-01 1.000000000000000000e+00 3.930914157200004411e+01 3.962762499998007115e-02
8.359297315213788382e-01 1.000000000000000000e+00 3.918884164099995360e+01 4.319560600004024309e-02
8.518395757374875865e-01 1.000000000000000000e+00 3.936173516999997446e+01 3.926680699998996715e-02
8.448790188929400369e-01 1.000000000000000000e+00 3.938680314499993074e+01 4.297607199998765282e-02
8.548226715280079491e-01 1.000000000000000000e+00 3.938054413600002590e+01 3.851245800001379394e-02
8.352668213457076218e-01 1.000000000000000000e+00 3.931385153300004731e+01 3.925423800001226482e-02
8.349353662578720137e-01 1.000000000000000000e+00 3.939754722999998648e+01 4.272473100002116553e-02
