7.517401392111369152e-01 4.912237321842889970e-01 3.829744798000000117e+01 4.188878899999792793e-02
7.646668876367251899e-01 4.810898243288034282e-01 3.824043299700000631e+01 3.990036199999735800e-02
8.047729532648326689e-01 5.054352005303280881e-01 3.825098446000001218e+01 3.502751199999920573e-02
8.316208153795160429e-01 4.924593967517401638e-01 3.853567207700001518e+01 3.988541199998962838e-02
8.445475638051044287e-01 4.887364932051707078e-01 3.823875158600000645e+01 3.480638300001714924e-02
8.186940669539277682e-01 4.838607888631090703e-01 3.828840335800001071e+01 3.971590699998728269e-02
8.352668213457076218e-01 5.216917467683128695e-01 3.830888855500001000e+01 3.573547499996720944e-02
8.352668213457076218e-01 5.111408684123300850e-01 3.829862847699996564e+01 3.940265900001804766e-02
8.435531985415976042e-01 5.155823665893272123e-01 3.827176667300000190e+01 3.596828600001344967e-02
6.755054690089492553e-01 4.926165064633741819e-01 3.835432801799998970e+01 3.955957400000897906e-02
