8.064302287040105988e-01 1.000000000000000000e+00 4.031908203500000809e+01 3.962244000001646782e-02
8.233344381836261716e-01 1.000000000000000000e+00 4.032058886599998004e+01 3.917178199998261334e-02
8.339410009943653002e-01 1.000000000000000000e+00 4.030798472499998297e+01 4.357331000005615351e-02
8.316208153795160429e-01 1.000000000000000000e+00 4.032519332799995482e+01 3.993622699999832548e-02
8.385813722240635926e-01 1.000000000000000000e+00 4.031956764599999588e+01 4.356156399990140926e-02
8.365926416970500545e-01 1.000000000000000000e+00 4.033981353399997261e+01 3.981155899998611858e-02
8.468677494199535749e-01 1.000000000000000000e+00 4.045609131900005195e+01 4.319981699995878444e-02
7.878687437852170961e-01 1.000000000000000000e+00 4.034638847300004727e+01 3.978134399994814885e-02
8.432217434537619960e-01 1.000000000000000000e+00 4.035082966899994972e+01 4.329097499999079446e-02
7.951607557176002539e-01 1.000000000000000000e+00 3.965648662900002819e+01 3.575676100001601299e-02
