5.142271724282861944e-01 5.010488305138154352e-01 4.666511741920000418e+02 4.794828099099999008e+01
5.544709467269097747e-01 4.969802727750338711e-01 4.776785889890001044e+02 4.815266145099985806e+01
6.207523379216139947e-01 5.066302158243147780e-01 4.664922085109999443e+02 4.959445323199997802e+01
6.382242303246821180e-01 5.003146983293055294e-01 4.664765908550000404e+02 4.642643654600010450e+01
6.926510454975307596e-01 4.955865167594836196e-01 4.693142334290000690e+02 4.659576456900003905e+01
7.126216244614899109e-01 4.999244568666616484e-01 4.801220087809997494e+02 4.950675461700029700e+01
7.225890511715876707e-01 4.948414765157080342e-01 4.696533675119999316e+02 4.964738107499988473e+01
7.333592518650835501e-01 5.005559747819652294e-01 4.749925900559996990e+02 4.503915156400034903e+01
7.434842912682567695e-01 5.014002126720595864e-01 4.660925275259996852e+02 4.958514999700037151e+01
7.136660712409372831e-01 5.010975492276975585e-01 4.503962248889993134e+02 3.879321216000062122e+01
