5.151182095198066913e-01 4.928365690868938831e-01 4.667361641200000122e+02 4.794333692999992991e+01
5.682820216454764761e-01 5.053335744457269074e-01 4.777980658459999859e+02 4.814591177200009042e+01
6.240453924556057519e-01 4.964205068824196210e-01 4.667317325980000078e+02 4.963621642999987671e+01
6.389807712514448124e-01 4.987206981191567579e-01 4.667641861909999079e+02 4.643402498299997205e+01
6.866344436271933915e-01 4.985943137543360493e-01 4.695198026149996622e+02 4.672087543300040124e+01
7.117452978879899028e-01 4.967953956078605127e-01 4.802952474690000599e+02 4.943319972100016457e+01
7.219649049070084867e-01 4.996365026794164499e-01 4.696948908889999075e+02 4.974642158300002848e+01
7.368855731848271695e-01 4.998337530734446310e-01 4.751509730620000482e+02 4.499790545199994085e+01
7.393695492276978198e-01 5.000525283177487124e-01 4.661020901499996398e+02 4.964353908700013562e+01
7.409267626352842306e-01 4.994367359462030809e-01 4.503365723509996315e+02 3.878962538599989784e+01
