4.992476620783860564e-01 4.914110185982977219e-01 4.033890593520000039e+02 3.967136661299997513e+01
5.746747924766207882e-01 5.017677259640644927e-01 4.088573429369999417e+02 3.965201176300001862e+01
6.114931175790689899e-01 4.986260426605010343e-01 4.108317908509999370e+02 4.140295325000010962e+01
6.415046758432279006e-01 5.070138207418323217e-01 4.036236134069999935e+02 3.788462537800000973e+01
6.863738573079751770e-01 4.995777341599246246e-01 4.057525502590001452e+02 3.802129505499988227e+01
7.128212672060523225e-01 5.021610557948945619e-01 3.932480352360003053e+02 4.170405597499984651e+01
7.234611747399390946e-01 4.941932520752355118e-01 4.013298094900001161e+02 4.301257888999998613e+01
7.341788378690763395e-01 5.066275620468644325e-01 4.086048377920001258e+02 4.182847808399992573e+01
7.379405274771461132e-01 5.021173407586403403e-01 4.016242730519998076e+02 4.165234214400015844e+01
6.844404749395818222e-01 4.955624196700622042e-01 4.009653581740003574e+02 3.902501616299923626e+01
