4.975643585163391780e-01 4.989472001681196645e-01 3.973527907470000287e+02 4.454217772499998773e+01
5.602647893243669630e-01 4.958098346117488786e-01 4.224010655749999614e+02 4.433064032200002202e+01
6.189912787643164771e-01 4.979044614899658661e-01 3.989762350400000059e+02 4.240797116299995650e+01
6.406998003572554889e-01 4.982412924240837149e-01 3.839816561049999564e+02 3.850898917400013488e+01
6.905789639592307960e-01 5.000605501733760283e-01 3.841236214189998464e+02 3.861274719599987293e+01
7.155427130398234192e-01 5.009323681832501540e-01 3.831772889980002219e+02 4.228886749399998735e+01
7.237322685720289916e-01 5.000374290217491913e-01 3.827195177479998165e+02 4.246377398399999947e+01
7.346979090049384764e-01 4.993215479667962309e-01 3.836747235109996836e+02 4.233864510300008988e+01
7.272375748660292460e-01 5.055815677209223313e-01 3.834027610030002506e+02 4.235671374799994737e+01
6.297551749500893692e-01 5.087292991488913119e-01 4.042630016509997404e+02 4.288108471700070368e+01
