5.107723021960701715e-01 4.979718629820311659e-01 4.670299640779999777e+02 4.801292606300006582e+01
5.568981822002732063e-01 4.888971865083515111e-01 4.777982500020000316e+02 4.827140343700000358e+01
6.163601975412419387e-01 4.984188807397300081e-01 4.667189362659999006e+02 4.693814199200005532e+01
6.407670484396343902e-01 4.957414618051901312e-01 4.665207967300000291e+02 4.961374681399979636e+01
6.890448670799621533e-01 5.031918848376586428e-01 4.692475578439998571e+02 4.704392616499990254e+01
7.146243564148365701e-01 4.974612924240838230e-01 4.798887234500002705e+02 4.506454010500010554e+01
7.213512661553009853e-01 4.982685934643277803e-01 4.725893433010000990e+02 4.822761703300011504e+01
7.283387622149837259e-01 4.975291797835446062e-01 4.723886282539997410e+02 4.976178666900068492e+01
7.254071661237785351e-01 4.951415878953455141e-01 4.659902803189997940e+02 4.633113171700006205e+01
7.111631816748975599e-01 5.114957894294439589e-01 4.494668932880003922e+02 3.992787061399940285e+01
