5.043248922979930438e-01 4.985334941683275400e-01 3.945997546099999909e+02 4.000073816799999804e+01
5.639949563938215782e-01 5.000217728275713203e-01 3.950389690499999347e+02 4.007621802700009539e+01
6.127687296416938212e-01 4.928943944520317033e-01 3.947680626130000974e+02 4.169502721399999245e+01
6.459052222338972360e-01 4.931215950404541637e-01 3.942734151919999022e+02 3.825735246800013556e+01
6.869181464747294852e-01 5.041050978249455028e-01 3.950345405399998526e+02 3.839315521100024853e+01
7.145234842912682183e-01 4.999981019228732504e-01 3.955028300320000199e+02 4.171726047699985429e+01
7.250078806346538229e-01 5.040728519491415316e-01 3.938036912049997227e+02 4.189423023800009105e+01
7.342544919617526311e-01 4.973541300830093270e-01 3.952264848290001282e+02 3.658471986699987610e+01
7.469286539876011100e-01 4.976597839655356181e-01 3.942208463479996681e+02 4.169417469400013943e+01
5.878470106125880390e-01 5.084839260271089012e-01 3.934646241880000161e+02 3.718030773899954511e+01
