6.104885993485341666e-01 1.000000000000000000e+00 4.412732701830000224e+02 4.952918056099952082e+01
6.589198276767889162e-01 1.000000000000000000e+00 4.415687152410000635e+02 4.832479847900049208e+01
7.008994431018178428e-01 1.000000000000000000e+00 4.404511487830004626e+02 4.971713992399963900e+01
7.206703793212146936e-01 1.000000000000000000e+00 4.326309346100006223e+02 4.607977379200019641e+01
7.316255122412524958e-01 1.000000000000000000e+00 4.280406699980003395e+02 4.767191321999962383e+01
7.438793737522328975e-01 1.000000000000000000e+00 4.280992005990001417e+02 4.756636876199991093e+01
7.514405800147104797e-01 1.000000000000000000e+00 4.280782958219988359e+02 4.410983926700100710e+01
6.577366817274351574e-01 1.000000000000000000e+00 4.279562376600006246e+02 4.489607061599963345e+01
7.405421876641798962e-01 1.000000000000000000e+00 4.276698853180005244e+02 4.333697626200046216e+01
5.755153935063570536e-01 1.000000000000000000e+00 4.272520626109999284e+02 4.013142089000029955e+01
