6.228958705474414437e-01 1.000000000000000000e+00 4.223931031769998299e+02 4.074619187600001169e+01
6.628286224650624670e-01 1.000000000000000000e+00 4.208986001419998502e+02 4.039865676600038569e+01
7.021288221078070269e-01 1.000000000000000000e+00 4.186897518030000356e+02 4.678770125199935137e+01
7.193401281916570467e-01 1.000000000000000000e+00 4.194967142550003700e+02 4.596263864999946236e+01
7.311652831774718697e-01 1.000000000000000000e+00 4.270148693210003330e+02 4.709066589299982297e+01
7.443942418829463392e-01 1.000000000000000000e+00 4.058796422290006376e+02 4.449857955499919626e+01
7.414353262582746851e-01 1.000000000000000000e+00 4.044152384520002670e+02 4.571004584300044371e+01
6.790837448775874918e-01 1.000000000000000000e+00 4.025372958269999799e+02 4.491157937699972535e+01
5.321529893874119566e-01 1.000000000000000000e+00 4.040898148579990448e+02 3.932449085700136493e+01
7.410675633077650204e-01 1.000000000000000000e+00 4.004711968239989801e+02 4.222405206199982786e+01
