5.001450036776294850e-01 4.919552859094262764e-01 4.018765647269999590e+02 4.014263783400002694e+01
5.566817274351161249e-01 5.051989164652705977e-01 4.087131019529999776e+02 3.998930089300006330e+01
6.144772512346328153e-01 5.025370125039388958e-01 4.108293090560000564e+02 4.131338305100007346e+01
6.449385310497005586e-01 5.052400516969626221e-01 4.037251653799999076e+02 3.772066065700005311e+01
6.884648523694441025e-01 5.060861788378714365e-01 4.050324059199999738e+02 3.843025361599984535e+01
7.139623831039193513e-01 5.058637742986231700e-01 3.925560013240001354e+02 4.157701773100006903e+01
7.236229904381632494e-01 4.884456643900377260e-01 4.003590252180001698e+02 4.279748411599985047e+01
7.329158348218977048e-01 4.977395019438903834e-01 4.077688492930001303e+02 4.233834129499973642e+01
7.511400651465798273e-01 5.040075990333093836e-01 4.008558082189997549e+02 4.192414723000001686e+01
6.062582746663864874e-01 5.023181498371362963e-01 4.000561642210000173e+02 3.899554005600020901e+01
