5.117473993905642393e-01 4.990939333823695701e-01 3.999972887100000207e+02 3.948098118100000420e+01
5.557087317431963491e-01 5.011593670274240298e-01 4.061016327540000361e+02 3.941729932299995198e+01
6.190564253441210862e-01 5.010191081223062115e-01 3.987419028909999952e+02 4.058801683399997273e+01
6.382956814122097144e-01 4.975121429021766573e-01 3.974781379819999074e+02 3.758185352000009516e+01
6.912619522958916018e-01 4.991975899968477681e-01 3.980574205230002462e+02 3.771744797799965454e+01
7.132205526951770347e-01 5.067766094357478712e-01 3.966000173349998477e+02 4.174841880300027697e+01
7.245119260271093431e-01 5.056541313439102403e-01 3.976467049140001109e+02 4.121075856400011617e+01
7.312787643164863072e-01 5.043538829463068973e-01 3.994771373989997301e+02 4.189697168300017438e+01
7.346411684354313687e-01 5.077992615319936176e-01 4.005463123160002397e+02 4.134321944299972529e+01
5.899842387306923897e-01 4.993702032152988468e-01 3.983166721259999576e+02 3.828875926899945625e+01
