4.890616791005569230e-01 4.959942948408109231e-01 4.653760617469999943e+02 4.760786272400002872e+01
5.500535883156456585e-01 4.977735382998860758e-01 4.775571115290000535e+02 4.782215722500006905e+01
6.134580224860775033e-01 4.956590585268449423e-01 4.656913018420000299e+02 4.932647526899995682e+01
6.418199012293790418e-01 5.043267298518436803e-01 4.658555627060000006e+02 4.609763090899969029e+01
6.869118419670063869e-01 5.034122009036453571e-01 4.691173900280000453e+02 4.631182568399981392e+01
7.136681727435115752e-01 4.944080075654086470e-01 4.797853342950002116e+02 4.917487953699992431e+01
7.251802038457496602e-01 4.968752174004395505e-01 4.686948726249997890e+02 4.942120246800004679e+01
7.353808973415992822e-01 5.085735509089002182e-01 4.725067329349999454e+02 4.933376812700043956e+01
7.471114847115687407e-01 5.000856475780167676e-01 4.643264053310003874e+02 4.912367478599935566e+01
6.096585058316696948e-01 4.990652529158356998e-01 4.469730148370008465e+02 3.986389856499954476e+01
