6.224524535042554874e-01 1.000000000000000000e+00 4.568313410670007215e+02 4.476651084499917488e+01
6.491835662498686155e-01 1.000000000000000000e+00 4.552568271230002210e+02 4.479580236200035870e+01
6.994304928023536982e-01 1.000000000000000000e+00 4.553439399389999380e+02 5.242474673800006713e+01
7.234737837553850692e-01 1.000000000000000000e+00 4.532860666079996008e+02 5.082595065999976214e+01
7.315519596511506073e-01 1.000000000000000000e+00 4.530534667450001507e+02 5.186787225099942589e+01
7.426268782179258343e-01 1.000000000000000000e+00 4.132509222940007021e+02 4.674697973799993633e+01
7.485888410213302757e-01 1.000000000000000000e+00 4.116117540020004526e+02 4.664337054799943871e+01
7.585163391825154866e-01 1.000000000000000000e+00 4.230724078489993190e+02 4.510970598400126619e+01
7.392224440474939318e-01 1.000000000000000000e+00 4.590559239169997454e+02 4.621818107299986877e+01
7.013638751707470531e-01 1.000000000000000000e+00 4.354315470429992274e+02 4.453695449400038342e+01
