6.243690238520541724e-01 1.000000000000000000e+00 4.197320079149994854e+02 4.583008160000008502e+01
6.607628454344857127e-01 1.000000000000000000e+00 4.101722878650007260e+02 4.359202763599932950e+01
7.004181990122937407e-01 1.000000000000000000e+00 4.138041573739992600e+02 4.587547932899997249e+01
7.224545550068298683e-01 1.000000000000000000e+00 4.100523382640003547e+02 4.346039521199963929e+01
7.279941157927918294e-01 1.000000000000000000e+00 4.081214897709996876e+02 4.588302554100027919e+01
7.429189870757592074e-01 1.000000000000000000e+00 4.197528312789991105e+02 4.123320569800034718e+01
7.509215088788483428e-01 1.000000000000000000e+00 4.339969240439995701e+02 4.777552598300007958e+01
7.434842912682567695e-01 1.000000000000000000e+00 4.302799965300000622e+02 4.762432425800034252e+01
7.369255017337396074e-01 1.000000000000000000e+00 4.275993399859999045e+02 4.186348191000070074e+01
5.725606808868340947e-01 1.000000000000000000e+00 4.301129238249995979e+02 4.805932339399987541e+01
