6.069391615004728902e-01 1.000000000000000000e+00 4.428988887929999692e+02 4.993934467100007168e+01
6.485299989492486761e-01 1.000000000000000000e+00 4.420225063470006717e+02 4.984964006100017286e+01
7.015740254281811472e-01 1.000000000000000000e+00 4.412382586100002300e+02 4.784597294200011675e+01
7.222191867185037140e-01 1.000000000000000000e+00 4.329451867500001754e+02 4.344578112999988662e+01
7.313502154040139036e-01 1.000000000000000000e+00 4.278638703750002605e+02 4.589503666099972179e+01
7.333823683934013182e-01 1.000000000000000000e+00 4.277426969070002087e+02 4.737221336499987956e+01
7.483492697278554262e-01 1.000000000000000000e+00 4.277769737119997444e+02 4.777180404300088412e+01
7.369044867079962424e-01 1.000000000000000000e+00 4.278365885090006486e+02 4.729900722700040205e+01
7.222170852159294219e-01 1.000000000000000000e+00 4.278094099099998857e+02 4.589025815000059083e+01
5.832615319953766697e-01 1.000000000000000000e+00 4.275911484850003035e+02 4.573444473200106586e+01
