6.143889881265104380e-01 1.000000000000000000e+00 4.420107416379996721e+02 4.955940676399950462e+01
6.582683618787432689e-01 1.000000000000000000e+00 4.419438962790000005e+02 4.822574584799986042e+01
7.018241042345276792e-01 1.000000000000000000e+00 4.408194104900003367e+02 4.981733437699949718e+01
7.191341809393716478e-01 1.000000000000000000e+00 4.324438060849997782e+02 4.608046015299987630e+01
7.321487863822633280e-01 1.000000000000000000e+00 4.282500204500001928e+02 4.766736340099942026e+01
7.390648313544183612e-01 1.000000000000000000e+00 4.282976486039997326e+02 4.757273233399973833e+01
7.525459703688136548e-01 1.000000000000000000e+00 4.281956107809992318e+02 4.410647394900115614e+01
7.510875275822213037e-01 1.000000000000000000e+00 4.281039588259991433e+02 4.778012373899946397e+01
7.554943784806136264e-01 1.000000000000000000e+00 4.277193814300007944e+02 4.331009526699926937e+01
5.796679625932541491e-01 1.000000000000000000e+00 4.272588269500010938e+02 4.565873021699917444e+01
