6.263927708311443077e-01 1.000000000000000000e+00 4.214125262869993094e+02 4.094869389900031820e+01
6.449406325522748507e-01 1.000000000000000000e+00 4.197111718209998799e+02 4.684509784400052013e+01
7.019733109173058594e-01 1.000000000000000000e+00 4.184786307730000772e+02 4.623693807699964964e+01
7.212609015446044269e-01 1.000000000000000000e+00 4.188165710080002100e+02 4.700656923699989420e+01
7.319386361248292339e-01 1.000000000000000000e+00 4.264142658030004895e+02 4.713632889699965745e+01
7.419438898812651395e-01 1.000000000000000000e+00 4.054392426510003133e+02 4.535942948599949887e+01
7.469980035725544143e-01 1.000000000000000000e+00 4.041900466409997534e+02 4.552457497400064312e+01
6.515414521382788537e-01 1.000000000000000000e+00 4.023646737010003562e+02 4.437476973999946495e+01
6.602269622780287950e-01 1.000000000000000000e+00 4.037445027560006565e+02 4.290712591000010434e+01
5.742607964694756983e-01 1.000000000000000000e+00 4.002382074970009853e+02 4.444909123399884265e+01
