6.147798676053378708e-01 1.000000000000000000e+00 4.389337916799995583e+02 4.323852896100015641e+01
6.575034149416832951e-01 1.000000000000000000e+00 4.391323137469998983e+02 4.329093675799958874e+01
6.964967952085741043e-01 1.000000000000000000e+00 4.382400890620001519e+02 4.927438936199996533e+01
7.224188294630661256e-01 1.000000000000000000e+00 4.311418891049997910e+02 4.626418408200061094e+01
7.308374487758747540e-01 1.000000000000000000e+00 4.246832551329998751e+02 4.721025152000038361e+01
7.419859199327518695e-01 1.000000000000000000e+00 4.244328545090002081e+02 4.664807297100014694e+01
7.518251549858148142e-01 1.000000000000000000e+00 4.249122281790005218e+02 4.658224513799905253e+01
7.300283702847536471e-01 1.000000000000000000e+00 4.245224813329987228e+02 4.155219092500010447e+01
7.137963644005463903e-01 1.000000000000000000e+00 4.244408316250010103e+02 4.249901972099905834e+01
5.812756120626247913e-01 1.000000000000000000e+00 4.244481326599998283e+02 4.125454446700132394e+01
