5.070085110854261057e-01 5.040015630976132366e-01 3.941973441760000014e+02 4.001395269300002155e+01
5.476830934117894456e-01 4.961519890721891590e-01 3.950049601430000052e+02 4.008498767499997939e+01
6.168561521487864185e-01 4.987719453609327780e-01 3.944606704510000554e+02 4.171368371699986710e+01
6.434737837553851092e-01 5.121272989387430918e-01 3.940089293549999638e+02 3.812559566200002337e+01
6.931785226436902869e-01 5.076243896185776983e-01 3.944998728380001012e+02 3.838008537299992895e+01
7.132520752337921932e-01 4.921781015025732398e-01 3.954593254830001570e+02 4.173875707300021531e+01
7.228181149521908377e-01 4.994493083955036106e-01 3.934255243900001915e+02 4.189871019600013824e+01
7.293369759377955619e-01 4.992577812335817211e-01 3.953117334240000673e+02 4.172017299900016951e+01
7.493369759377954686e-01 5.062770499106865607e-01 3.934065726979997635e+02 4.157798702599984608e+01
7.382158243143848164e-01 5.058878789534522191e-01 3.941343830980003986e+02 3.860540875099923142e+01
