6.234632762425134089e-01 1.000000000000000000e+00 4.194441977619999307e+02 3.990220443199996225e+01
6.522013239466217804e-01 1.000000000000000000e+00 4.106077027379997162e+02 3.905424264100020082e+01
7.060039928548912380e-01 1.000000000000000000e+00 4.134870792789997722e+02 4.575962580600025831e+01
7.205989282336870971e-01 1.000000000000000000e+00 4.093347378779999417e+02 4.391235898400009319e+01
7.307323736471577069e-01 1.000000000000000000e+00 4.072188488579995465e+02 4.545642244400005438e+01
7.394767258589891590e-01 1.000000000000000000e+00 4.180971148070002528e+02 4.644118044999959238e+01
7.546180519071136183e-01 1.000000000000000000e+00 4.327334986949999802e+02 4.657994038499964518e+01
5.844846064936429775e-01 1.000000000000000000e+00 4.289044542439996803e+02 4.211258741100027692e+01
7.399264474098981026e-01 1.000000000000000000e+00 4.267281622000000425e+02 4.765211280400035321e+01
7.401386991699064888e-01 1.000000000000000000e+00 4.300938245789984649e+02 4.739848548300142284e+01
