6.230219607019018557e-01 1.000000000000000000e+00 4.142711199750001470e+02 3.976215923000017938e+01
6.571965955658295444e-01 1.000000000000000000e+00 4.231884482469995419e+02 4.016040412300026219e+01
7.032279079541872147e-01 1.000000000000000000e+00 4.160980795020004734e+02 4.638694678999945609e+01
7.167321634969002764e-01 1.000000000000000000e+00 4.177624685419996240e+02 4.430192413599979773e+01
7.313228958705474403e-01 1.000000000000000000e+00 4.154391658590002407e+02 4.461933112299993809e+01
7.418325102448251052e-01 1.000000000000000000e+00 4.221730005869994784e+02 4.449912690900055168e+01
7.340086161605547943e-01 1.000000000000000000e+00 4.097233326030000171e+02 4.414599922100023832e+01
5.843227907954187117e-01 1.000000000000000000e+00 4.108514192140000887e+02 4.123091485799977818e+01
6.041147420405590385e-01 1.000000000000000000e+00 4.116200609879997501e+02 4.069351075399936235e+01
7.274456236208889370e-01 1.000000000000000000e+00 4.153367123280004307e+02 4.699226749099943845e+01
