4.744744744744744946e-01 4.983047563692724613e-01 1.308151788099999990e+01 1.602689299999937589e-02
6.969999999999999529e-01 4.929545454545454786e-01 7.832569803000001940e+00 4.775863500000099293e-02
7.632296781232951188e-01 4.967083175962062613e-01 1.451406486599999823e+01 6.912810300000415964e-02
7.794862178886180493e-01 4.961723798213578673e-01 2.193210628900000358e+01 1.228264819999935753e-01
8.244285714285713995e-01 5.065783730158730513e-01 2.928345290299999704e+01 1.668676379999993742e-01
8.458342949457650084e-01 5.038345042308557398e-01 3.779297538700001269e+01 2.101869769999780146e-01
8.621999999999999664e-01 5.008096590909091317e-01 4.478933843300001172e+01 2.330381040000020221e-01
8.669000000000000039e-01 5.030201058201058117e-01 5.448115944200000627e+01 2.430093730000066898e-01
8.791999999999999815e-01 5.018405940594059533e-01 6.246479377400001454e+01 2.578251329999829977e-01
8.809000000000000163e-01 5.009219626168224249e-01 7.077592822299999398e+01 2.651709900000014386e-01
8.838000000000000300e-01 5.013102222222222126e-01 7.949940952200000766e+01 3.012424489999716570e-01
8.831999999999999851e-01 5.011783898305084417e-01 8.459304428600000847e+01 3.086960040000121808e-01
