4.894894894894895043e-01 5.115760922212535533e-01 1.008330441900000096e+01 1.429811599999908367e-02
6.850000000000000533e-01 4.934935064935065396e-01 7.393233040999998451e+00 4.093472399999953382e-02
7.438625204582651751e-01 4.951424734567124175e-01 1.367898393700000170e+01 7.764531599999457967e-02
7.967372960810050753e-01 5.022546051985391502e-01 2.058785849099999865e+01 1.179278540000012754e-01
8.207142857142857295e-01 4.923799603174602857e-01 2.703412887200000370e+01 1.418377650000053336e-01
8.454881144703438878e-01 5.034345690232263637e-01 3.457813334799999438e+01 2.061105260000033468e-01
8.611999999999999655e-01 5.001215909090909184e-01 4.106056452899998988e+01 2.468635099999971771e-01
8.716000000000000414e-01 4.975206349206349743e-01 4.901163502399998606e+01 2.353276860000050874e-01
8.791999999999999815e-01 4.995499999999999940e-01 5.584260152400003108e+01 2.664354919999709637e-01
8.770999999999999908e-01 5.004855140186915685e-01 6.391928279900002963e+01 2.782373320000033345e-01
8.798000000000000265e-01 4.958284444444444605e-01 7.161130727800002660e+01 2.854159099999833415e-01
8.834999999999999520e-01 4.996131355932203477e-01 7.816222218499996188e+01 2.768396810000126607e-01
