4.714714714714714483e-01 5.232006199748134856e-01 7.446154689999993082e-01 9.591946000000461936e-03
7.099999999999999645e-01 4.884285714285714342e-01 4.679383446000001001e+00 3.223818400000055817e-02
7.618657937806874170e-01 5.023684376180284072e-01 8.736939960000000838e+00 6.040611699999942630e-02
7.907369210575661000e-01 4.998586221162632515e-01 1.369111763600000131e+01 9.598810099999610657e-02
8.369999999999999662e-01 4.955277777777777337e-01 1.840588665499999621e+01 1.334759810000036850e-01
8.469882298638357065e-01 4.986654491817096302e-01 2.394706610999999441e+01 1.763529500000089456e-01
8.682999999999999607e-01 5.055528409090909170e-01 2.917584178900000325e+01 1.912336210000091796e-01
8.763999999999999568e-01 5.014862433862433688e-01 3.521462490899997988e+01 2.203265060000205722e-01
8.768000000000000238e-01 5.012608910891088732e-01 4.125456887900003267e+01 2.323447249999617270e-01
8.852999999999999758e-01 5.016644859813084167e-01 4.745227958399999579e+01 2.280989629999794488e-01
8.920000000000000151e-01 4.989488888888888862e-01 5.358151788700001816e+01 2.470534649999649446e-01
8.907000000000000473e-01 5.000750000000000473e-01 5.942418265599997085e+01 2.632725660000119206e-01
