5.345345345345345889e-01 1.000000000000000000e+00
6.744999999999999885e-01 1.000000000000000000e+00
7.313147845062738517e-01 1.000000000000000000e+00
7.656103506469154052e-01 1.000000000000000000e+00
8.111428571428571654e-01 1.000000000000000000e+00
8.368336025848142068e-01 1.000000000000000000e+00
8.487000000000000099e-01 1.000000000000000000e+00
8.629000000000000004e-01 1.000000000000000000e+00
8.618999999999999995e-01 1.000000000000000000e+00
8.759000000000000119e-01 1.000000000000000000e+00
8.753999999999999559e-01 1.000000000000000000e+00
8.806000000000000494e-01 1.000000000000000000e+00
