6.474999999999999645e-01 1.000000000000000000e+00 1.306933754480000971e+02 3.105154299998957868e-01
7.884999999999999787e-01 1.000000000000000000e+00 1.390666093400000136e+02 3.120760689998860471e-01
8.568333333333333357e-01 1.000000000000000000e+00 1.440761901480000233e+02 3.086028169998371595e-01
8.880000000000000115e-01 1.000000000000000000e+00 1.406791682909999963e+02 3.073361070000828477e-01
9.070000000000000284e-01 1.000000000000000000e+00 1.412902806480001345e+02 3.085546430002068519e-01
9.170000000000000373e-01 1.000000000000000000e+00 1.424251555549999466e+02 3.077928539996719337e-01
9.190000000000000391e-01 1.000000000000000000e+00 1.396280353450001712e+02 3.145207630000186327e-01
8.928333333333333677e-01 1.000000000000000000e+00 1.419685292690001006e+02 3.134658059998400859e-01
9.146666666666666279e-01 1.000000000000000000e+00 1.384511773560002439e+02 3.104230219996679807e-01
8.924999999999999600e-01 1.000000000000000000e+00 1.412966206520000014e+02 3.075585530000353174e-01
