4.804804804804804763e-01 4.860021311634214469e-01 1.056153658799999917e+01 1.436207899999963900e-02
7.029999999999999583e-01 4.935649350649350398e-01 7.265756752000001484e+00 4.139551799999807713e-02
7.427714129841789248e-01 5.067905703134836237e-01 1.348893597400000033e+01 7.654363299999999981e-02
7.875492218263641098e-01 5.008423145494212969e-01 2.027515455199999650e+01 1.206922910000045590e-01
8.227142857142857313e-01 4.963363095238094713e-01 2.687839501899999561e+01 1.414191159999944603e-01
8.411031617816755457e-01 4.994617359481546282e-01 3.452186046299999589e+01 2.077037210000014511e-01
8.682999999999999607e-01 4.969471590909090852e-01 4.091705362999999807e+01 2.540459269999928438e-01
8.747000000000000330e-01 5.002285714285714668e-01 4.890654287799998201e+01 2.420934030000125858e-01
8.787000000000000366e-01 5.029603960396039630e-01 5.643063522699998202e+01 2.692186790000050678e-01
8.810000000000000053e-01 5.002644859813084599e-01 6.410244802700003675e+01 2.543844829999670765e-01
8.839000000000000190e-01 4.976604444444444608e-01 7.083711913499996626e+01 2.906984850000071674e-01
8.856000000000000538e-01 5.006567796610169596e-01 7.848444435900000826e+01 3.017014580000250135e-01
