4.444444444444444198e-01 1.000000000000000000e+00 7.831455170000367616e-01 8.627338999986022827e-03
6.885000000000000009e-01 1.000000000000000000e+00 4.816160437000007732e+00 2.618592699997179807e-02
7.580469176213856519e-01 1.000000000000000000e+00 9.113286118000019087e+00 5.181972900004438998e-02
7.879242452653291151e-01 1.000000000000000000e+00 1.416469580900002256e+01 8.126647300002787233e-02
8.127142857142857224e-01 1.000000000000000000e+00 1.913906451799994102e+01 1.248790900000358306e-01
8.392568659127624953e-01 1.000000000000000000e+00 2.488570576600000095e+01 1.738257509999812100e-01
8.488999999999999879e-01 1.000000000000000000e+00 3.015925624600004085e+01 1.925037600000223392e-01
8.640999999999999792e-01 1.000000000000000000e+00 3.637821017099997789e+01 2.093469929999400847e-01
8.702999999999999625e-01 1.000000000000000000e+00 4.264202503799992883e+01 2.182970640000121421e-01
8.682999999999999607e-01 1.000000000000000000e+00 4.911497969200001990e+01 2.513163809999241494e-01
8.739999999999999991e-01 1.000000000000000000e+00 5.576412534400003551e+01 2.442406359999722554e-01
8.811999999999999833e-01 1.000000000000000000e+00 6.166954951900004289e+01 2.635361269999521028e-01
