4.444444444444444198e-01 5.183570667441634860e-01 9.438464272999999238e+00 1.408725699999990866e-02
6.700000000000000400e-01 4.901948051948051832e-01 7.087872654000001660e+00 4.072209499999956961e-02
7.536824877250408727e-01 4.993259263922111280e-01 1.303958210399999729e+01 7.547034499999938362e-02
7.839864991561972252e-01 4.997931418332693387e-01 1.968430148500000598e+01 1.178101629999943611e-01
8.191428571428571725e-01 4.929444444444444073e-01 2.606063274199999569e+01 1.400056760000012446e-01
8.454881144703438878e-01 4.994746370838846206e-01 3.347273036699999693e+01 2.042715580000020736e-01
8.655000000000000471e-01 4.969482954545454967e-01 3.958488904899998317e+01 2.159778600000095139e-01
8.697000000000000286e-01 5.013333333333332975e-01 4.706520832399999676e+01 2.291300370000044495e-01
8.769000000000000128e-01 4.969638613861386278e-01 5.412890679799997429e+01 2.652359049999972740e-01
8.774999999999999467e-01 4.995528037383177855e-01 6.148253937500004440e+01 2.493177149999610265e-01
8.826000000000000512e-01 5.038679999999999826e-01 6.835358756400000857e+01 2.884013369999820497e-01
8.885999999999999455e-01 4.963491525423728845e-01 7.530299291400001493e+01 2.980722849999892787e-01
