8.558558558558558849e-01 5.298847234331105494e-01
9.220000000000000417e-01 5.154999999999999583e-01
9.402618657937806823e-01 5.301392211171261915e-01
9.459966247890493340e-01 5.365930608758285869e-01
9.577142857142857402e-01 5.466329365079364289e-01
9.598430648511423469e-01 5.419093394188467805e-01
9.694000000000000394e-01 5.416897727272727003e-01
9.708999999999999853e-01 5.442656084656084525e-01
9.725000000000000311e-01 5.420262376237623414e-01
9.727999999999999980e-01 5.402028037383177494e-01
9.725000000000000311e-01 5.375817777777778250e-01
9.731999999999999540e-01 5.398838983050847640e-01
