4.534534534534534478e-01 5.241693306209435077e-01 1.044234641499999938e+01 1.474003300000070737e-02
7.049999999999999600e-01 5.040324675324675541e-01 7.215892174000000381e+00 4.201526499999985731e-02
7.572285870158210752e-01 5.139981744932644592e-01 1.339508172400000063e+01 7.647922700000009399e-02
7.899868741796362004e-01 5.009941097509070795e-01 2.019993124799999862e+01 1.190960409999988201e-01
8.264285714285714013e-01 5.054811507936507464e-01 2.669719566299999514e+01 1.412692000000106418e-01
8.499884606508193441e-01 5.031091737109256723e-01 3.425485811999999441e+01 2.052039300000103594e-01
8.622999999999999554e-01 4.984511363636363601e-01 4.069056698900000413e+01 2.294538059999808866e-01
8.671999999999999709e-01 4.969798941798941327e-01 4.844128925699999400e+01 2.404083170000035352e-01
8.747000000000000330e-01 4.981079207920792173e-01 5.592205190099997481e+01 2.683328630000119119e-01
8.780999999999999917e-01 5.016074766355139714e-01 6.341346636700001227e+01 2.513959099999851787e-01
8.871999999999999886e-01 5.000786666666666713e-01 7.034410480499997220e+01 2.897354899999982081e-01
8.866000000000000547e-01 4.998423728813559119e-01 7.785314336499999399e+01 2.972542470000121284e-01
