4.084084084084084187e-01 1.000000000000000000e+00 7.667638780000061161e-01 8.377648000021054031e-03
6.909999999999999476e-01 1.000000000000000000e+00 4.746404707000010603e+00 2.484308499998633124e-02
7.408619749045280978e-01 1.000000000000000000e+00 8.939244711999947413e+00 5.776342100000420032e-02
7.777986124132758583e-01 1.000000000000000000e+00 1.393744355100000121e+01 8.085691300004782534e-02
8.141428571428571681e-01 1.000000000000000000e+00 1.877670440700001109e+01 1.223434720000113884e-01
8.316408954534963982e-01 1.000000000000000000e+00 2.446148551500004942e+01 1.726402259999986200e-01
8.527000000000000135e-01 1.000000000000000000e+00 2.981940488999998706e+01 1.986351719999674970e-01
8.666000000000000369e-01 1.000000000000000000e+00 3.589148835700007112e+01 2.192792029999282022e-01
8.667000000000000259e-01 1.000000000000000000e+00 4.198991359699994064e+01 2.161092720000397094e-01
8.697000000000000286e-01 1.000000000000000000e+00 4.828077641599998060e+01 2.326066920001039762e-01
8.798000000000000265e-01 1.000000000000000000e+00 5.472946603799994136e+01 2.366946700000198689e-01
8.753999999999999559e-01 1.000000000000000000e+00 6.067947319399991102e+01 2.668031190000874631e-01
