4.474474474474474661e-01 1.000000000000000000e+00 1.060553460999926756e+00 1.095903200007342093e-02
6.700000000000000400e-01 1.000000000000000000e+00 6.375656010999932732e+00 3.036218700003701088e-02
7.444080741953081892e-01 1.000000000000000000e+00 1.229630204700004015e+01 6.638134499996795057e-02
7.849240577536096275e-01 1.000000000000000000e+00 1.872882551300006071e+01 9.045737600001757528e-02
8.182857142857142829e-01 1.000000000000000000e+00 2.527248192299998664e+01 1.360287840000182769e-01
8.482575582737134079e-01 1.000000000000000000e+00 3.271488465400000223e+01 1.789073450000842058e-01
8.522999999999999465e-01 1.000000000000000000e+00 3.962843379700007063e+01 2.078364099999134851e-01
8.655000000000000471e-01 1.000000000000000000e+00 4.757091547799996079e+01 2.369692290000102730e-01
8.693999999999999506e-01 1.000000000000000000e+00 5.586026572499997656e+01 2.578048729999409261e-01
8.682999999999999607e-01 1.000000000000000000e+00 6.379756235299998934e+01 2.683344880000504418e-01
8.771999999999999797e-01 1.000000000000000000e+00 7.216454699199994138e+01 2.777260820000719832e-01
8.792999999999999705e-01 1.000000000000000000e+00 7.998054051300005085e+01 2.913547919999928126e-01
