6.650000000000000355e-01 1.000000000000000000e+00 1.310259227650001321e+02 3.084932570000091800e-01
7.950000000000000400e-01 1.000000000000000000e+00 1.398622527920001630e+02 3.089356299999508337e-01
8.516666666666666829e-01 1.000000000000000000e+00 1.451024596869999641e+02 3.104585550001957017e-01
8.848333333333333606e-01 1.000000000000000000e+00 1.421229778040001293e+02 3.106958200000917714e-01
9.071666666666666767e-01 1.000000000000000000e+00 1.420336835379998774e+02 3.088110100002268155e-01
9.194999999999999840e-01 1.000000000000000000e+00 1.444512946800000464e+02 3.088943379998454475e-01
9.098333333333333828e-01 1.000000000000000000e+00 1.405481824780003990e+02 3.101975259996834211e-01
9.058333333333333792e-01 1.000000000000000000e+00 1.439100226030000158e+02 3.101284879999184341e-01
9.106666666666666243e-01 1.000000000000000000e+00 1.389574197850001838e+02 3.092913350001254003e-01
9.026666666666666172e-01 1.000000000000000000e+00 1.451148368379999738e+02 3.096458939999138238e-01
