4.264264264264264193e-01 4.893926184248764688e-01 9.832414513999999883e+00 1.405866900000063424e-02
6.889999999999999458e-01 4.934025974025973427e-01 7.150525173000000123e+00 4.027631800000008866e-02
7.384069830878341456e-01 4.993416635192412523e-01 1.319492309299999988e+01 7.582415600000302902e-02
7.864241515094693158e-01 4.959089705011325289e-01 1.992353724400000203e+01 1.161416829999950551e-01
8.194285714285713951e-01 5.042053571428570802e-01 2.607992332199999908e+01 1.399314730000043028e-01
8.420263097161320154e-01 5.005275131054037763e-01 3.343898530000001301e+01 2.035673639999941997e-01
8.675000000000000488e-01 4.992926136363636247e-01 3.974515844399999764e+01 2.207170690000168634e-01
8.699999999999999956e-01 4.986359788359788214e-01 4.735423384099999566e+01 2.287777239999968515e-01
8.751999999999999780e-01 4.986896039603960218e-01 5.409401050899998609e+01 2.643059530000186896e-01
8.770000000000000018e-01 5.027121495327102618e-01 6.159448198000001184e+01 2.581745139999611638e-01
8.800999999999999934e-01 5.000462222222222808e-01 6.918109484999996539e+01 2.792303589999960423e-01
8.859000000000000208e-01 5.009004237288136041e-01 7.532902171699998917e+01 2.944154020000269156e-01
