9.009009009009008584e-02 1.000000000000000000e+00
1.024999999999999939e-01 1.000000000000000000e+00
9.929078014184397616e-02 1.000000000000000000e+00
1.016313519594974624e-01 1.000000000000000000e+00
1.042857142857142871e-01 1.000000000000000000e+00
1.078929148396030463e-01 1.000000000000000000e+00
9.769999999999999518e-02 1.000000000000000000e+00
1.028000000000000025e-01 1.000000000000000000e+00
1.013000000000000012e-01 1.000000000000000000e+00
1.097999999999999948e-01 1.000000000000000000e+00
1.029000000000000054e-01 1.000000000000000000e+00
1.014000000000000040e-01 1.000000000000000000e+00
