6.721666666666666901e-01 1.000000000000000000e+00 1.321267891709999276e+02 3.083091670000612794e-01
8.020000000000000462e-01 1.000000000000000000e+00 1.401917567120001422e+02 3.087084940000295319e-01
8.596666666666666901e-01 1.000000000000000000e+00 1.453239186179998796e+02 3.090654229999927338e-01
8.868333333333333623e-01 1.000000000000000000e+00 1.426455466300001262e+02 3.091343169999163365e-01
9.043333333333333224e-01 1.000000000000000000e+00 1.422910856029998286e+02 3.095722610000848363e-01
9.206666666666666332e-01 1.000000000000000000e+00 1.445610575419996167e+02 3.086882220000006782e-01
9.171666666666666856e-01 1.000000000000000000e+00 1.408984047210001336e+02 3.087428399999225803e-01
9.040000000000000258e-01 1.000000000000000000e+00 1.442105369269997936e+02 3.085640050003348733e-01
8.753333333333332966e-01 1.000000000000000000e+00 1.387921120089999931e+02 3.096696610000435612e-01
8.665000000000000480e-01 1.000000000000000000e+00 1.450427122549999694e+02 3.095772020001277269e-01
