4.504504504504504570e-01 1.000000000000000000e+00 7.852047940000375092e-01 8.565584999985276227e-03
6.860000000000000542e-01 1.000000000000000000e+00 4.850366481000037311e+00 2.557849299995496040e-02
7.468630660120021414e-01 1.000000000000000000e+00 9.164644083999974100e+00 4.981575900001189439e-02
7.772360772548284613e-01 1.000000000000000000e+00 1.428997206699989420e+01 8.267540800000006129e-02
8.175714285714286156e-01 1.000000000000000000e+00 1.930511574599995583e+01 1.225514999999859356e-01
8.382183244864989113e-01 1.000000000000000000e+00 2.495015416499995808e+01 1.592269360000955203e-01
8.555000000000000382e-01 1.000000000000000000e+00 3.034930400300004294e+01 1.931560090000630225e-01
8.609999999999999876e-01 1.000000000000000000e+00 3.671641046100000949e+01 2.105849579999130583e-01
8.682999999999999607e-01 1.000000000000000000e+00 4.309752525099997911e+01 2.178830629999310986e-01
8.705000000000000515e-01 1.000000000000000000e+00 4.938907038699994700e+01 2.531168330000355127e-01
8.739000000000000101e-01 1.000000000000000000e+00 5.604043631499996536e+01 2.602652489999854879e-01
8.760000000000000009e-01 1.000000000000000000e+00 6.199560891399994489e+01 2.695097309999709978e-01
