4.684684684684684575e-01 1.000000000000000000e+00 1.053789487000017289e+00 1.079590400001961825e-02
6.889999999999999458e-01 1.000000000000000000e+00 6.382542565999983708e+00 3.060886599996592849e-02
7.375886524822694579e-01 1.000000000000000000e+00 1.224219915100002254e+01 5.549813599998287827e-02
7.716107256703543804e-01 1.000000000000000000e+00 1.868887381000001824e+01 9.259943099993961368e-02
8.114285714285713880e-01 1.000000000000000000e+00 2.522231053400003020e+01 1.376246879999598605e-01
8.412185552734825489e-01 1.000000000000000000e+00 3.244404287399993336e+01 1.720367630000509962e-01
8.504000000000000448e-01 1.000000000000000000e+00 3.959209599400003299e+01 2.075370000000020809e-01
8.636000000000000343e-01 1.000000000000000000e+00 4.755265464900003280e+01 2.450427709999303261e-01
8.719000000000000083e-01 1.000000000000000000e+00 5.558532153499993456e+01 2.330875760000026276e-01
8.756000000000000449e-01 1.000000000000000000e+00 6.353490913300004195e+01 2.715359840000246550e-01
8.790999999999999925e-01 1.000000000000000000e+00 7.175466338399996857e+01 2.783335090000491618e-01
8.780000000000000027e-01 1.000000000000000000e+00 7.991548102199999448e+01 2.898185859999102831e-01
