6.554999999999999716e-01 4.992739999999999956e-01 1.274990433910000007e+02 3.045271849999835467e-01
8.083333333333333481e-01 4.991983333333332995e-01 1.279801607969999964e+02 3.045190480000314892e-01
8.696666666666666989e-01 5.003716666666666590e-01 1.271658445710000365e+02 2.974718250000023545e-01
9.026666666666666172e-01 4.988206666666666900e-01 1.265238847060000467e+02 2.970073989999946207e-01
9.140000000000000346e-01 4.976566666666666916e-01 1.273686300360000132e+02 2.982288489999973535e-01
9.273333333333333428e-01 4.976590000000000180e-01 1.268242313310000782e+02 2.982958589999498145e-01
9.226666666666666350e-01 5.041550000000000198e-01 1.334912501389999306e+02 2.995444690000113042e-01
9.223333333333333384e-01 4.986259999999999581e-01 1.314929272679999031e+02 3.004968249999819818e-01
9.094999999999999751e-01 4.978906666666666481e-01 1.343173714360000304e+02 3.000399069999275525e-01
9.093333333333333268e-01 4.999970000000000248e-01 1.307877167869999084e+02 2.984576060000563302e-01
