5.000000000000000278e-02 5.006333333333333746e-01 4.203125000000000000e+00 1.562500000000000000e-02
6.666666666666666574e-02 4.993666666666666809e-01 3.937500000000000000e+00 3.125000000000000000e-02
1.833333333333333204e-01 5.057666666666666977e-01 3.875000000000000000e+00 3.125000000000000000e-02
4.500000000000000111e-01 4.984666666666666135e-01 3.687500000000000000e+00 3.125000000000000000e-02
6.833333333333333481e-01 4.991333333333333178e-01 3.875000000000000000e+00 3.125000000000000000e-02
8.499999999999999778e-01 5.042999999999999705e-01 3.921875000000000000e+00 3.125000000000000000e-02
8.000000000000000444e-01 5.005666666666667153e-01 3.750000000000000000e+00 3.125000000000000000e-02
7.833333333333333259e-01 4.945666666666666544e-01 3.562500000000000000e+00 3.125000000000000000e-02
7.500000000000000000e-01 5.016666666666667052e-01 3.718750000000000000e+00 3.125000000000000000e-02
9.166666666666666297e-01 5.012333333333333085e-01 3.656250000000000000e+00 3.125000000000000000e-02
