6.663333333333333330e-01 1.000000000000000000e+00 1.081381470599999375e+02 2.843351169999550621e-01
7.980000000000000426e-01 1.000000000000000000e+00 1.098912197489999016e+02 2.848076200000377867e-01
8.571666666666666323e-01 1.000000000000000000e+00 1.093953648819999671e+02 2.836957609999899432e-01
8.773333333333332984e-01 1.000000000000000000e+00 1.148579665199999909e+02 3.158316049998575181e-01
8.988333333333333730e-01 1.000000000000000000e+00 1.162053513889998158e+02 3.160870120000254246e-01
9.071666666666666767e-01 1.000000000000000000e+00 1.161793844800001807e+02 3.153020849999847997e-01
9.168333333333332780e-01 1.000000000000000000e+00 1.160997159100002136e+02 3.177783299997827271e-01
9.146666666666666279e-01 1.000000000000000000e+00 1.161397443390001172e+02 3.188619370002925280e-01
9.044999999999999707e-01 1.000000000000000000e+00 1.158535924220000197e+02 3.144370909999452124e-01
8.729999999999999982e-01 1.000000000000000000e+00 1.160162043960003757e+02 3.141133299995999550e-01
