4.504504504504504570e-01 1.000000000000000000e+00 1.293787762000022212e+00 1.126433999996834245e-02
6.875000000000000000e-01 1.000000000000000000e+00 7.233101819000012256e+00 3.306393399998341920e-02
7.479541734860883917e-01 1.000000000000000000e+00 1.332640080400000215e+01 6.033627300001853655e-02
7.845490343146446222e-01 1.000000000000000000e+00 2.010302348199996914e+01 1.112554999999701977e-01
8.161428571428571699e-01 1.000000000000000000e+00 2.663915477499995177e+01 1.445182350000777660e-01
8.533348719132241023e-01 1.000000000000000000e+00 3.435014891800005898e+01 1.852606979999791292e-01
8.546000000000000263e-01 1.000000000000000000e+00 4.100494567299995197e+01 2.203494760000239694e-01
8.666000000000000369e-01 1.000000000000000000e+00 4.856698771100002432e+01 2.421453890000293541e-01
8.680999999999999828e-01 1.000000000000000000e+00 5.616241280799999913e+01 2.573694850000265433e-01
8.766000000000000458e-01 1.000000000000000000e+00 6.372911223100004463e+01 2.751259120000213443e-01
8.761999999999999789e-01 1.000000000000000000e+00 7.116171408600007453e+01 2.946999360000290835e-01
8.751999999999999780e-01 1.000000000000000000e+00 7.841741966700010380e+01 2.840242919999127480e-01
