6.464999999999999636e-01 5.027310000000000390e-01 1.256568517849999864e+02 3.054057520000128534e-01
8.126666666666666483e-01 5.006739999999999524e-01 1.259229768679999779e+02 3.045082680000064101e-01
8.655000000000000471e-01 4.979283333333333617e-01 1.259616384760000187e+02 2.994512180000015178e-01
8.976666666666666128e-01 5.016570000000000196e-01 1.255811797040000215e+02 2.995033659999535303e-01
9.226666666666666350e-01 4.995356666666666556e-01 1.270093631770000684e+02 2.998507159999235228e-01
9.241666666666666918e-01 5.005106666666666593e-01 1.259293623219999745e+02 3.001154840000026525e-01
9.281666666666666954e-01 5.026869999999999949e-01 1.335933075539999209e+02 2.999280989999988378e-01
9.220000000000000417e-01 5.018343333333333822e-01 1.308992855290000534e+02 3.004841520000809396e-01
9.088333333333333819e-01 4.995606666666667084e-01 1.343633884530001978e+02 3.018836849998933758e-01
8.609999999999999876e-01 4.975199999999999623e-01 1.303593730820000474e+02 3.010422979998566007e-01
