4.504504504504504570e-01 4.725370531822145059e-01 9.530672892999998425e+00 1.353039900000041484e-02
6.670000000000000373e-01 5.027857142857142803e-01 7.070278745000001308e+00 4.067330599999863239e-02
7.703218767048554128e-01 5.012851987074573579e-01 1.306297947700000250e+01 7.634735899999611775e-02
7.807987999249953459e-01 5.022367469395407902e-01 1.970691412800000109e+01 1.179482790000037085e-01
8.248571428571428443e-01 4.978442460317460405e-01 2.618583164699999344e+01 1.408768630000025723e-01
8.454881144703438878e-01 5.039491809929000921e-01 3.353080015199999764e+01 2.036776140000000623e-01
8.630999999999999783e-01 4.988295454545454422e-01 3.974212765699999750e+01 2.446182479999947645e-01
8.711999999999999744e-01 4.998592592592592254e-01 4.704304235900002595e+01 2.323870749999912277e-01
8.771999999999999797e-01 4.995079207920791742e-01 5.419888223300000618e+01 2.627480049999917355e-01
8.827000000000000401e-01 4.971313084112149450e-01 6.150162026500004231e+01 2.755767269999864766e-01
8.804999999999999494e-01 5.009093333333333176e-01 6.854963310900001261e+01 2.675111560000118516e-01
8.818000000000000282e-01 4.981711864406779267e-01 7.525439739600000166e+01 2.856874300000527001e-01
